000012
000023
000026
000034
000035
000036
000042
000044
000047
000048
000061
000064
000066
000073
000077
000078
000083
000089
000091
000104
000112
000122
000129
000134
000138
000141
000147
000153
000154
000159
000161
000162
000163
000164
000171
000174
000187
000189
000192
000198
000207
000209
000219
000220
000225
000242
000259
000262
000263
000276
000278
000282
000288
000294
000296
000307
000311
000312
000317
000320
000331
000334
000337
000349
000355
000359
000370
000379
000382
000387
000391
000394
000395
000400
000404
000406
000411
000416
000430
000438
000446
000450
000454
000463
000468
000469
000474
000477
000484
000489
000496
000508
000518
000519
000522
000525
000526
000528
000535
000537
000541
000544
000549
000550
000565
000583
000589
000590
000597
000605
000609
000612
000620
000625
000633
000635
000654
000671
000672
000680
000685
000688
000689
000699
000700
000710
000711
000729
000731
000733
000739
000740
000754
000768
000774
000793
000796
000805
000810
000812
000818
000820
000822
000823
000828
000829
000830
000849
000850
000851
000860
000867
000871
000888
000889
000892
000899
000900
000902
000906
000912
000915
000919
000950
000954
000958
000962
000964
000966
000967
000977
000980
000987
000989
000993
000996
001001
001002
001008
001010
001011
001014
001015
001024
001036
001043
001050
001057
001060
001068
001077
001078
001079
001082
001101
001106
001112
001113
001119
001140
001147
001151
001152
001156
001158
001168
001171
001172
001191
001194
001205
001207
001209
001212
001226
001234
001237
001239
001240
001248
001258
001268
001269
001273
001279
001294
001304
001309
001314
001323
001325
001327
001333
001334
001345
001348
001364
001365
001378
001384
001385
001395
001404
001409
001414
001418
001421
001426
001427
001434
001450
001453
001455
001470
001479
001483
001485
001486
001488
001492
001494
001498
001499
001501
001504
001512
001517
001524
001526
001528
001532
001539
001548
001555
001559
001576
001579
001593
001594
001597
001604
001607
001610
001611
001612
001622
001627
001630
001633
001636
001649
001651
001654
001661
001662
001669
001676
001680
001683
001684
001688
001707
001714
001717
001721
001723
001732
001733
001734
001738
001739
001750
001752
001758
001759
001765
001768
001780
001787
001789
001810
001821
001825
001828
001832
001834
001840
001841
001845
001853
001854
001861
001864
001881
001892
001896
001898
001902
001903
001904
001906
001915
001928
001930
001937
001938
001941
001950
001952
001954
001971
001977
001978
001980
001981
001985
001989
001995
001999
002002
002004
002006
002012
002015
002020
002025
002027
002034
002037
002039
002049
002051
002056
002068
002069
002095
002096
002104
002108
002117
002120
002132
002134
002151
002153
002155
002156
002158
002166
002170
002172
002178
002179
002180
002182
002186
002191
002192
002193
002194
002196
002197
002199
002208
002212
002215
002219
002224
002234
002241
002247
002256
002260
002265
002277
002280
002284
002291
002293
002306
002307
002310
002311
002315
002318
002320
002321
002334
002342
002347
002355
002359
002373
002384
002392
002401
002403
002410
002411
002413
002419
002420
002423
002433
002436
002443
002445
002458
002465
002466
002468
002478
002480
002481
002490
002496
002500
002502
002512
002514
002519
002533
002534
002539
002544
002547
002558
002559
002569
002571
002579
002590
002594
002595
002599
002603
002609
002611
002625
002635
002645
002647
002648
002653
002662
002664
002666
002680
002682
002683
002697
002702
002704
002710
002715
002722
002730
002738
002744
002755
002757
002759
002766
002778
002779
002782
002783
002791
002795
002796
002801
002807
002816
002817
002820
002826
002834
002841
002844
002845
002848
002864
002866
002867
002870
002899
002906
002914
002919
002934
002937
002956
002957
002958
002962
002969
002975
002976
002987
002988
002992
002995
003002
003003
003007
003013
003042
003047
003051
003053
003061
003066
003074
003083
003085
003092
003100
003103
003106
003107
003110
003116
003124
003134
003135
003138
003140
003145
003146
003147
003155
003157
003161
003163
003165
003175
003184
003188
003202
003204
003205
003211
003214
003231
003240
003242
003244
003253
003254
003260
003261
003270
003273
003280
003282
003292
003308
003320
003330
003331
003336
003337
003338
003339
003343
003349
003350
003355
003356
003359
003363
003367
003373
003374
003379
003380
003382
003392
003396
003401
003406
003412
003413
003416
003417
003420
003421
003430
003433
003441
003452
003466
003477
003484
003487
003489
003491
003497
003499
003500
003506
003508
003509
003510
003511
003522
003524
003525
003529
003539
003548
003549
003550
003551
003555
003564
003565
003576
003585
003586
003588
003596
003599
003603
003604
003605
003608
003614
003621
003622
003627
003628
003629
003634
003635
003642
003644
003646
003656
003658
003662
003663
003664
003671
003679
003681
003688
003695
003698
003700
003704
003705
003713
003714
003740
003748
003749
003752
003758
003759
003763
003767
003781
003784
003786
003788
003790
003792
003797
003806
003807
003811
003817
003818
003824
003827
003828
003830
003834
003835
003847
003849
003856
003860
003861
003866
003874
003879
003890
003898
003899
003912
003913
003921
003935
003936
003945
003949
003956
003961
003969
003971
003974
003983
003987
003988
003991
003997
003998
004005
004008
004012
004013
004014
004016
004017
004019
004028
004033
004034
004035
004037
004046
004058
004067
004091
004092
004093
004095
004100
004111
004120
004121
004129
004131
004133
004136
004137
004138
004149
004163
004169
004170
004171
004189
004190
004201
004209
004215
004220
004221
004223
004228
004231
004232
004237
004241
004242
004244
004247
004253
004255
004256
004263
004269
004270
004271
004272
004273
004281
004283
004287
004292
004300
004303
004315
004318
004325
004327
004338
004345
004347
004359
004360
004361
004365
004367
004371
004376
004386
004387
004392
004404
004434
004436
004439
004471
004481
004484
004496
004502
004510
004514
004517
004519
004520
004524
004526
004544
004548
004551
004563
004565
004566
004576
004579
004587
004591
004595
004597
004604
004605
004611
004612
004622
004623
004627
004628
004631
004636
004644
004648
004651
004675
004679
004683
004685
004687
004691
004693
004694
004702
004705
004706
004715
004723
004735
004737
004743
004747
004760
004773
004776
004779
004782
004783
004790
004792
004793
004794
004797
004799
004801
004808
004823
004828
004830
004832
004836
004842
004848
004849
004857
004869
004873
004876
004879
004882
004885
004897
004898
004907
004910
004911
004913
004929
004946
004951
004955
004958
004961
004962
004966
004972
004973
004974
004976
004984
004987
004991
004992
005001
005006
005007
005018
005020
005023
005024
005026
005027
005029
005032
005033
005045
005047
005057
005058
005061
005065
005068
005071
005073
005078
005084
005086
005090
005093
005101
005107
005121
005129
005130
005134
005138
005143
005153
005156
005168
005169
005171
005173
005181
005183
005189
005190
005191
005202
005208
005215
005217
005219
005223
005244
005246
005257
005258
005259
005260
005262
005269
005273
005283
005285
005288
005297
005303
005307
005310
005311
005318
005337
005338
005344
005360
005363
005368
005369
005373
005374
005387
005389
005396
005405
005408
005410
005413
005414
005417
005420
005424
005440
005445
005448
005450
005451
005455
005457
005483
005489
005496
005499
005508
005515
005519
005526
005527
005536
005542
005544
005566
005579
005582
005585
005591
005592
005599
005601
005603
005609
005624
005625
005630
005631
005637
005639
005644
005648
005654
005658
005668
005669
005680
005686
005695
005699
005704
005705
005710
005713
005715
005718
005730
005731
005735
005738
005740
005742
005756
005757
005764
005765
005769
005780
005782
005783
005784
005786
005796
005803
005805
005806
005813
005817
005821
005824
005826
005831
005836
005838
005840
005850
005851
005859
005860
005861
005867
005873
005881
005884
005885
005888
005889
005893
005899
005901
005903
005905
005909
005910
005911
005918
005930
005938
005947
005951
005960
005961
005964
005971
005980
005983
005990
006004
006009
006011
006023
006030
006033
006038
006043
006065
006070
006074
006078
006079
006091
006096
006103
006105
006123
006128
006131
006135
006140
006156
006166
006172
006174
006175
006176
006179
006181
006183
006187
006196
006210
006221
006223
006224
006225
006229
006230
006236
006238
006243
006247
006250
006251
006261
006262
006264
006267
006270
006272
006275
006289
006290
006304
006305
006320
006329
006341
006344
006352
006353
006362
006366
006367
006369
006371
006375
006395
006400
006417
006418
006419
006427
006434
006436
006438
006442
006447
006458
006462
006466
006470
006472
006474
006475
006476
006482
006495
006499
006501
006515
006524
006536
006547
006548
006549
006550
006551
006556
006560
006569
006595
006597
006602
006605
006609
006627
006635
006637
006652
006654
006658
006660
006674
006684
006689
006694
006695
006697
006698
006703
006704
006706
006714
006726
006734
006735
006736
006738
006740
006748
006753
006755
006766
006777
006781
006782
006784
006805
006806
006810
006822
006824
006825
006833
006839
006840
006844
006845
006848
006864
006868
006869
006874
006883
006887
006893
006896
006899
006900
006910
006914
006916
006931
006943
006947
006950
006958
006959
006971
006976
006983
007002
007003
007006
007011
007016
007023
007025
007029
007036
007039
007040
007050
007062
007073
007079
007080
007089
007090
007092
007093
007095
007108
007113
007125
007128
007129
007130
007133
007150
007154
007159
007166
007168
007182
007184
007194
007197
007205
007213
007214
007219
007222
007223
007241
007256
007261
007271
007279
007285
007289
007295
007298
007305
007322
007327
007334
007336
007361
007365
007369
007373
007381
007394
007396
007398
007411
007419
007421
007431
007437
007446
007454
007458
007466
007467
007468
007474
007477
007479
007481
007483
007490
007497
007513
007519
007521
007524
007530
007535
007538
007544
007565
007566
007575
007578
007586
007590
007600
007601
007606
007619
007621
007629
007633
007653
007655
007663
007667
007683
007685
007692
007696
007699
007713
007718
007721
007729
007731
007735
007736
007749
007753
007767
007775
007777
007781
007791
007795
007803
007810
007814
007819
007821
007831
007836
007838
007840
007847
007853
007854
007859
007863
007872
007876
007877
007878
007883
007884
007885
007898
007901
007905
007908
007910
007911
007914
007915
007925
007926
007932
007940
007953
007963
007964
007968
007974
007980
007991
008001
008004
008008
008012
008017
008026
008037
008043
008044
008049
008051
008053
008062
008063
008064
008067
008072
008075
008079
008082
008084
008093
008095
008096
008098
008106
008108
008116
008117
008121
008127
008130
008150
008163
008166
008169
008174
008186
008188
008197
008199
008211
008216
008218
008223
008226
008232
008235
008250
008253
008254
008261
008262
008263
008269
008272
008296
008301
008302
008312
008313
008315
008316
008317
008322
008332
008336
008338
008346
008351
008360
008374
008381
008384
008385
008388
008391
008397
008398
008403
008422
008425
008426
008442
008443
008445
008449
008453
008456
008462
008465
008466
008470
008477
008478
008482
008483
008506
008517
008529
008530
008536
008549
008550
008558
008559
008568
008581
008585
008588
008595
008617
008618
008633
008645
008655
008663
008670
008676
008688
008690
008691
008702
008710
008720
008725
008727
008732
008738
008741
008748
008750
008755
008756
008757
008764
008768
008771
008776
008784
008790
008794
008806
008809
008811
008813
008814
008815
008819
008838
008840
008856
008872
008878
008883
008885
008891
008900
008909
008920
008923
008926
008929
008930
008932
008933
008936
008939
008944
008948
008958
008960
008961
008966
008968
008969
008970
008978
008979
008980
008985
008988
008995
008999
009000
009004
009005
009018
009029
009032
009036
009042
009045
009049
009058
009059
009066
009073
009078
009080
009086
009098
009099
009106
009117
009121
009123
009136
009144
009153
009160
009161
009166
009173
009175
009181
009184
009185
009191
009196
009197
009205
009209
009214
009215
009218
009227
009230
009238
009259
009269
009270
009271
009283
009285
009287
009288
009289
009295
009296
009316
009324
009325
009327
009336
009339
009358
009362
009377
009386
009389
009392
009393
009398
009406
009409
009410
009411
009413
009417
009418
009419
009422
009424
009434
009446
009460
009466
009469
009488
009490
009496
009499
009504
009508
009515
009516
009518
009520
009524
009526
009528
009537
009541
009542
009549
009551
009557
009562
009566
009573
009576
009577
009579
009584
009587
009596
009600
009605
009609
009614
009618
009621
009623
009634
009637
009638
009644
009656
009659
009668
009671
009691
009703
009707
009713
009718
009721
009729
009733
009734
009735
009749
009756
009762
009774
009776
009789
009790
009792
009797
009800
009805
009810
009825
009828
009830
009832
009834
009839
009842
009845
009848
009852
009855
009859
009860
009867
009868
009869
009872
009877
009879
009882
009884
009887
009896
009904
009918
009920
009926
009938
009940
009942
009944
009945
009959
009961
