000012
000017
000023
000026
000032
000033
000034
000035
000036
000042
000044
000047
000061
000066
000073
000077
000078
000083
000089
000091
000104
000112
000122
000129
000133
000134
000138
000147
000153
000154
000159
000161
000162
000171
000173
000174
000187
000192
000194
000198
000200
000209
000220
000222
000225
000228
000242
000250
000256
000259
000262
000263
000276
000278
000282
000296
000307
000311
000312
000317
000320
000325
000331
000334
000337
000344
000347
000349
000355
000359
000367
000370
000372
000379
000382
000387
000391
000394
000400
000404
000406
000407
000411
000416
000430
000431
000438
000446
000450
000454
000468
000469
000470
000474
000484
000496
000519
000522
000524
000526
000528
000535
000537
000541
000544
000549
000550
000552
000559
000565
000577
000589
000590
000597
000605
000609
000612
000620
000625
000633
000635
000654
000657
000671
000672
000688
000689
000695
000699
000700
000710
000711
000726
000729
000739
000740
000753
000764
000774
000805
000810
000812
000818
000820
000823
000828
000830
000845
000849
000860
000865
000867
000871
000887
000888
000889
000899
000900
000902
000906
000908
000912
000915
000919
000929
000936
000950
000951
000958
000962
000966
000967
000977
000989
000991
000993
000996
000999
001001
001002
001010
001011
001014
001024
001036
001043
001050
001057
001060
001064
001071
001077
001078
001079
001082
001106
001112
001113
001119
001140
001147
001151
001156
001158
001168
001172
001191
001194
001205
001209
001212
001226
001229
001230
001234
001237
001239
001240
001248
001258
001268
001269
001270
001279
001287
001294
001304
001309
001314
001323
001325
001327
001332
001334
001345
001346
001364
001384
001393
001395
001404
001405
001408
001409
001414
001418
001420
001421
001427
001436
001451
001455
001470
001479
001483
001486
001488
001492
001494
001498
001499
001501
001504
001515
001517
001521
001524
001526
001539
001548
001555
001556
001557
001559
001563
001576
001579
001586
001590
001593
001594
001604
001607
001610
001611
001612
001622
001627
001630
001633
001636
001649
001651
001654
001661
001662
001669
001673
001676
001680
001683
001690
001699
001708
001711
001714
001717
001721
001732
001733
001734
001738
001750
001752
001754
001758
001759
001761
001766
001768
001777
001789
001810
001821
001825
001828
001832
001834
001840
001841
001843
001845
001858
001861
001864
001870
001881
001894
001898
001904
001906
001922
001930
001937
001938
001945
001950
001954
001960
001963
001971
001977
001978
001980
001981
001985
001989
001995
001999
002001
002002
002004
002006
002012
002015
002025
002034
002039
002042
002043
002049
002068
002069
002095
002096
002108
002117
002132
002134
002139
002151
002153
002156
002166
002170
002178
002179
002180
002182
002186
002187
002192
002193
002194
002196
002197
002199
002208
002215
002219
002221
002224
002234
002238
002241
002247
002249
002253
002255
002277
002279
002280
002284
002287
002291
002293
002306
002307
002311
002315
002320
002321
002334
002342
002347
002350
002354
002355
002359
002373
002384
002392
002401
002405
002410
002411
002413
002420
002423
002433
002436
002439
002442
002443
002445
002448
002465
002466
002471
002472
002478
002480
002481
002496
002500
002502
002512
002514
002518
002533
002534
002544
002554
002555
002558
002559
002569
002572
002590
002594
002595
002609
002611
002625
002645
002647
002648
002653
002662
002680
002682
002683
002684
002697
002702
002704
002710
002713
002715
002722
002730
002735
002737
002738
002744
002745
002755
002757
002765
002766
002774
002778
002779
002782
002796
002801
002804
002817
002820
002826
002834
002841
002844
002845
002858
002864
002866
002869
002873
002881
002906
002914
002934
002937
002939
002953
002956
002957
002958
002962
002975
002976
002988
002992
002995
003002
003003
003007
003013
003027
003042
003047
003051
003053
003061
003085
003088
003092
003100
003103
003106
003107
003110
003122
003133
003134
003135
003138
003140
003145
003146
003147
003149
003157
003159
003161
003165
003175
003181
003183
003184
003185
003188
003202
003204
003205
003211
003214
003229
003231
003233
003240
003244
003247
003253
003259
003260
003261
003269
003280
003282
003290
003292
003303
003308
003320
003331
003337
003339
003343
003350
003355
003356
003359
003363
003365
003369
003373
003374
003379
003380
003382
003392
003401
003406
003413
003417
003420
003421
003424
003430
003433
003436
003452
003466
003477
003484
003487
003489
003491
003493
003496
003497
003499
003500
003506
003508
003509
003510
003511
003522
003525
003529
003548
003549
003550
003551
003555
003564
003577
003586
003588
003596
003599
003603
003604
003605
003608
003622
003625
003627
003628
003629
003634
003644
003645
003656
003658
003662
003663
003664
003671
003678
003681
003688
003695
003698
003700
003705
003713
003714
003732
003735
003740
003749
003752
003758
003759
003763
003767
003773
003779
003781
003784
003788
003790
003792
003797
003806
003807
003811
003817
003818
003827
003830
003834
003847
003856
003859
003860
003861
003865
003866
003874
003879
003889
003890
003899
003912
003913
003921
003932
003935
003936
003939
003945
003956
003961
003970
003971
003974
003983
003987
003988
003991
003993
003997
003998
004005
004008
004009
004012
004014
004016
004017
004019
004028
004034
004035
004037
004052
004058
004091
004092
004093
004095
004100
004111
004121
004129
004133
004137
004138
004140
004146
004149
004152
004158
004163
004168
004169
004170
004189
004190
004196
004201
004209
004223
004224
004228
004231
004232
004237
004241
004242
004244
004253
004256
004269
004270
004272
004273
004280
004281
004287
004291
004292
004296
004307
004315
004318
004322
004325
004327
004333
004339
004345
004359
004360
004365
004367
004370
004371
004372
004376
004379
004386
004389
004391
004392
004404
004434
004436
004439
004452
004470
004471
004479
004481
004484
004496
004502
004508
004510
004514
004517
004519
004520
004526
004548
004551
004553
004563
004565
004566
004570
004576
004579
004587
004591
004595
004597
004605
004611
004622
004625
004627
004628
004631
004634
004643
004644
004651
004656
004671
004675
004679
004683
004685
004691
004693
004701
004706
004710
004715
004718
004723
004735
004737
004742
004743
004747
004748
004753
004760
004773
004776
004779
004782
004790
004792
004793
004797
004801
004808
004815
004823
004828
004830
004832
004841
004842
004849
004857
004873
004879
004885
004897
004898
004902
004905
004907
004911
004913
004929
004946
004951
004955
004958
004961
004962
004968
004973
004976
004984
004987
004991
004992
004995
005001
005007
005016
005018
005020
005024
005027
005029
005032
005045
005047
005052
005057
005058
005061
005065
005071
005073
005078
005086
005094
005101
005107
005108
005121
005122
005129
005134
005143
005153
005168
005169
005171
005181
005183
005189
005190
005191
005208
005217
005219
005223
005236
005244
005245
005257
005259
005269
005273
005283
005288
005290
005297
005303
005304
005307
005310
005311
005318
005337
005344
005345
005351
005358
005360
005363
005368
005369
005373
005388
005389
005391
005396
005405
005406
005408
005410
005413
005417
005420
005424
005440
005445
005450
005451
005453
005455
005457
005467
005483
005487
005489
005496
005499
005508
005509
005511
005515
005519
005526
005527
005536
005541
005542
005544
005563
005566
005568
005574
005579
005582
005585
005591
005592
005599
005600
005601
005609
005611
005630
005636
005639
005644
005648
005654
005668
005680
005686
005695
005699
005700
005704
005705
005710
005713
005715
005718
005730
005735
005738
005742
005756
005757
005764
005765
005769
005780
005782
005784
005786
005796
005803
005806
005813
005814
005817
005821
005824
005826
005831
005836
005838
005840
005850
005851
005859
005860
005861
005867
005873
005881
005885
005888
005889
005893
005895
005899
005901
005903
005905
005908
005918
005930
005938
005947
005948
005960
005964
005971
005980
006004
006009
006011
006023
006025
006030
006033
006043
006061
006065
006067
006074
006078
006079
006103
006105
006123
006128
006131
006134
006135
006140
006141
006156
006162
006166
006172
006174
006175
006176
006179
006180
006183
006187
006189
006196
006208
006210
006221
006223
006224
006225
006229
006230
006238
006247
006250
006251
006261
006262
006267
006270
006275
006279
006285
006289
006299
006304
006305
006320
006329
006341
006344
006349
006353
006362
006363
006366
006369
006371
006374
006375
006381
006382
006395
006400
006417
006418
006419
006427
006429
006433
006434
006436
006438
006442
006447
006448
006455
006458
006459
006462
006466
006472
006474
006482
006483
006486
006495
006499
006503
006506
006515
006523
006524
006536
006547
006549
006551
006556
006560
006564
006595
006597
006602
006605
006609
006610
006626
006627
006635
006636
006637
006648
006652
006654
006658
006660
006674
006684
006689
006694
006695
006697
006698
006703
006704
006714
006726
006731
006734
006735
006736
006738
006740
006748
006753
006755
006773
006777
006781
006782
006784
006794
006805
006806
006810
006824
006833
006836
006840
006844
006845
006847
006858
006864
006866
006868
006869
006883
006887
006893
006896
006899
006900
006909
006911
006912
006916
006917
006931
006939
006943
006947
006948
006950
006958
006959
006971
006976
006983
007006
007007
007011
007016
007018
007023
007025
007029
007033
007036
007039
007040
007050
007062
007079
007080
007088
007089
007090
007093
007108
007113
007121
007125
007128
007129
007130
007133
007138
007152
007154
007159
007163
007166
007168
007177
007182
007184
007185
007197
007205
007213
007214
007219
007222
007223
007234
007243
007250
007256
007261
007285
007289
007295
007308
007322
007323
007325
007327
007334
007336
007351
007361
007365
007369
007370
007373
007375
007381
007394
007410
007411
007413
007419
007446
007454
007458
007467
007468
007474
007477
007479
007483
007490
007493
007497
007503
007513
007519
007521
007524
007526
007530
007535
007538
007544
007558
007565
007566
007570
007572
007578
007586
007590
007594
007600
007601
007606
007611
007619
007621
007629
007631
007637
007653
007654
007655
007663
007667
007683
007685
007692
007696
007697
007699
007718
007729
007731
007735
007740
007748
007749
007751
007753
007762
007767
007775
007777
007781
007790
007791
007795
007803
007809
007810
007814
007819
007820
007821
007836
007838
007854
007859
007863
007864
007872
007877
007878
007883
007884
007885
007898
007901
007905
007910
007915
007925
007926
007932
007940
007953
007963
007964
007968
007974
007976
007980
008001
008012
008019
008037
008040
008043
008049
008063
008067
008072
008075
008079
008082
008093
008095
008096
008106
008116
008121
008127
008130
008137
008139
008142
008150
008163
008164
008166
008169
008174
008186
008188
008197
008199
008204
008211
008213
008216
008218
008223
008232
008235
008248
008252
008253
008254
008261
008263
008269
008272
008280
008296
008301
008302
008310
008311
008313
008316
008322
008332
008336
008346
008351
008372
008374
008381
008385
008388
008391
008398
008403
008422
008425
008427
008437
008442
008445
008449
008453
008456
008462
008465
008466
008467
008470
008477
008478
008482
008483
008495
008506
008517
008523
008529
008530
008536
008549
008550
008558
008559
008568
008581
008585
008596
008610
008617
008618
008633
008645
008655
008663
008688
008690
008691
008699
008710
008720
008723
008725
008727
008731
008738
008741
008744
008748
008750
008756
008757
008768
008770
008783
008784
008790
008794
008806
008809
008811
008814
008815
008819
008840
008841
008847
008856
008862
008872
008878
008885
008886
008891
008900
008905
008909
008920
008923
008929
008930
008932
008933
008936
008939
008944
008948
008958
008960
008961
008962
008967
008968
008969
008970
008971
008978
008980
008988
008989
008995
008999
009000
009005
009016
009020
009027
009029
009032
009036
009042
009045
009058
009063
009066
009078
009086
009098
009100
009106
009108
009114
009117
009121
009123
009136
009148
009153
009173
009175
009181
009184
009185
009196
009197
009205
009208
009214
009215
009218
009227
009238
009251
009255
009269
009271
009272
009285
009288
009289
009295
009296
009299
009307
009316
009318
009325
009327
009336
009339
009362
009365
009377
009388
009389
009394
009398
009406
009407
009410
009411
009413
009417
009418
009419
009420
009424
009432
009434
009446
009458
009460
009465
009466
009469
009476
009490
009496
009497
009499
009508
009515
009516
009518
009520
009523
009524
009526
009528
009537
009541
009542
009549
009551
009557
009562
009576
009577
009579
009584
009585
009587
009600
009605
009614
009615
009618
009623
009629
009634
009637
009638
009644
009654
009656
009659
009664
009666
009668
009671
009679
009702
009703
009707
009709
009713
009718
009721
009729
009733
009735
009774
009789
009790
009792
009797
009805
009807
009808
009810
009825
009828
009830
009834
009839
009842
009848
009851
009852
009855
009859
009860
009867
009868
009869
009872
009874
009877
009879
009882
009884
009887
009896
009904
009911
009918
009920
009926
009942
009945
009959
009961
